87.580002
87.849998
88.059998
87.68
88.010002
87.800003
87.68
87.839996
87.949997
87.739998
87.889999
87.940002
87.879997
87.769997
87.440002
87.790001
87.760002
87.699997
87.57
87.459999
87.809998
87.860001
87.459999
87.080002
87.139999
86.849998
87.110001
87.099998
87.190002
87.129997
87.160004
87.389999
87.550003
87.580002
87.699997
87.860001
87.870003
87.839996
87.660004
87.339996
87.110001
86.910004
86.839996
86.940002
86.889999
86.760002
86.779999
86.900002
86.760002
86.940002
87.089996
87.169998
87.059998
87.129997
86.989998
86.980003
86.809998
86.610001
86.550003
86.650002
86.410004
86.639999
86.580002
86.720001
86.510002
86.290001
85.269997
84.940002
84.75
84.300003
84.410004
84.419998
84.099998
83.779999
83.790001
83.900002
83.589996
83.610001
83.900002
83.980003
83.620003
83.080002
83.410004
83.410004
83.5
83.82
83.529999
83.260002
83.260002
83.279999
82.709999
82.43
82.480003
82.860001
82.690002
82.870003
82.370003
82.449997
82.25
82.540001
82.800003
83.07
83.010002
83.089996
83.480003
83.199997
83.410004
83.43
83.480003
83.519997
83.379997
83.760002
83.260002
83.040001
83.160004
83.449997
83.230003
82.900002
83.010002
83.099998
83.040001
83.339996
83.010002
83.050003
83.129997
83.459999
83.550003
83.839996
83.459999
83.419998
83.32
83.07
82.949997
83.190002
83.410004
83.389999
83.519997
83.68
84.040001
83.779999
83.779999
83.220001
83.010002
83.07
83.029999
82.860001
82.580002
82.360001
82.540001
82.309998
82.400002
83.059998
82.870003
83.050003
83.220001
83.410004
83.550003
83.459999
83.480003
83.68
83.470001
83.699997
83.459999
83.610001
83.75
83.75
83.879997
83.849998
83.57
83.75
84.089996
84.32
84.379997
84.400002
84.709999
84.540001
84.470001
84.510002
84.400002
84.050003
84.190002
84.309998
84.389999
84.110001
84.260002
84.050003
83.919998
83.919998
83.800003
83.75
83.790001
83.809998
84.209999
84.18
84.290001
84.800003
84.699997
84.709999
84.690002
84.449997
84.660004
84.669998
84.639999
84.860001
84.910004
84.720001
84.970001
84.879997
85.150002
85.019997
84.879997
84.839996
84.779999
84.860001
85.220001
85
85.139999
84.879997
85.019997
85.080002
85.120003
85.139999
85.220001
84.879997
84.889999
84.669998
84.529999
84.050003
84.239998
84.010002
83.959999
84.089996
84.199997
84.459999
84.339996
84.559998
84.650002
84.839996
84.830002
84.900002
85.050003
84.919998
84.580002
84.800003
84.730003
84.870003
84.889999
84.889999
84.860001
85.040001
84.809998
84.860001
84.699997
84.790001
85.010002
85.110001
84.949997
84.790001
84.949997
85.089996
85.010002
85.099998
85.040001
85.279999
85.18
85.269997
85.410004
85.519997
85.489998
85.610001
85.199997
85.620003
85.43
85.800003
85.690002
85.32
85.230003
85.080002
85.120003
85.080002
84.989998
84.940002
84.790001
84.739998
84.800003
85.050003
85.010002
84.730003
84.739998
84.660004
84.519997
84.610001
84.650002
84.540001
84.410004
84.480003
84.550003
84.620003
84.620003
84.839996
84.769997
84.760002
84.580002
84.660004
84.400002
84.489998
84.339996
84.209999
84.160004
84.349998
84.580002
84.489998
84.349998
84.419998
84.480003
84.540001
84.559998
84.459999
84.400002
84
83.959999
84.089996
84.339996
84.199997
84.279999
84.110001
84.169998
84.389999
84.360001
84.440002
84.5
84.25
84.080002
84.120003
84.059998
84.160004
84.260002
84.169998
84.089996
84.040001
84
84.370003
84.290001
84.25
84.120003
83.779999
83.639999
83.68
83.720001
83.519997
83.730003
83.690002
83.830002
83.559998
83.650002
83.650002
83.540001
83.5
83.32
83.309998
83.339996
83.25
83.269997
83.120003
82.910004
82.739998
82.75
82.940002
82.809998
82.959999
82.790001
82.690002
82.550003
82.540001
82.050003
81.82
82.18
81.970001
81.790001
81.760002
81.589996
81.620003
81.610001
81.239998
81.349998
81.559998
81.43
81.239998
81.269997
81.580002
81.610001
81.419998
81.510002
81.550003
81.269997
81.239998
81.260002
81.25
81.379997
81.209999
81.309998
81.349998
81.459999
81.440002
81.400002
81.330002
81.199997
81.18
81.349998
81.339996
81.25
81.610001
81.580002
81.769997
81.610001
81.43
81.459999
81.360001
81.580002
81.639999
81.529999
81.559998
81.379997
81.400002
81.349998
81.410004
81.150002
80.949997
80.739998
80.639999
80.629997
80.449997
80.669998
80.75
80.730003
80.389999
80.449997
80.559998
80.57
80.550003
80.440002
80.300003
80.489998
80.550003
80.449997
80.059998
79.959999
79.949997
80.150002
80.190002
80.199997
80.5
80.669998
80.919998
81.470001
81.139999
81.150002
80.769997
80.540001
80.760002
80.440002
80.68
80.550003
80.550003
80.529999
80.43
80.589996
80.610001
80.589996
80.75
80.540001
80.589996
80.660004
80.690002
80.809998
81.040001
80.949997
80.970001
80.660004
80.919998
80.970001
81.059998
80.919998
80.870003
81.010002
81.019997
81.169998
80.989998
80.989998
80.910004
81.089996
80.970001
80.660004
80.739998
80.699997
80.730003
80.779999
80.709999
80.82
80.5
80.559998
80.779999
80.839996
