1751.60004
1756.99996
1761.19996
1753.6
1760.20004
1756.00006
1753.6
1756.79992
1758.99994
1754.79996
1757.79998
1758.80004
1757.59994
1755.39994
1748.80004
1755.80002
1755.20004
1753.99994
1751.4
1749.19998
1756.19996
1757.20002
1749.19998
1741.60004
1742.79998
1736.99996
1742.20002
1741.99996
1743.80004
1742.59994
1743.20008
1747.79998
1751.00006
1751.60004
1753.99994
1757.20002
1757.40006
1756.79992
1753.20008
1746.79992
1742.20002
1738.20008
1736.79992
1738.80004
1737.79998
1735.20004
1735.59998
1738.00004
1735.20004
1738.80004
1741.79992
1743.39996
1741.19996
1742.59994
1739.79996
1739.60006
1736.19996
1732.20002
1731.00006
1733.00004
1728.20008
1732.79998
1731.60004
1734.40002
1730.20004
1725.80002
1705.39994
1698.80004
1695
1686.00006
1688.20008
1688.39996
1681.99996
1675.59998
1675.80002
1678.00004
1671.79992
1672.20002
1678.00004
1679.60006
1672.40006
1661.60004
1668.20008
1668.20008
1670
1676.4
1670.59998
1665.20004
1665.20004
1665.59998
1654.19998
1648.6
1649.60006
1657.20002
1653.80004
1657.40006
1647.40006
1648.99994
1645
1650.80002
1656.00006
1661.4
1660.20004
1661.79992
1669.60006
1663.99994
1668.20008
1668.6
1669.60006
1670.39994
1667.59994
1675.20004
1665.20004
1660.80002
1663.20008
1668.99994
1664.60006
1658.00004
1660.20004
1661.99996
1660.80002
1666.79992
1660.20004
1661.00006
1662.59994
1669.19998
1671.00006
1676.79992
1669.19998
1668.39996
1666.4
1661.4
1658.99994
1663.80004
1668.20008
1667.79998
1670.39994
1673.6
1680.80002
1675.59998
1675.59998
1664.40002
1660.20004
1661.4
1660.59998
1657.20002
1651.60004
1647.20002
1650.80002
1646.19996
1648.00004
1661.19996
1657.40006
1661.00006
1664.40002
1668.20008
1671.00006
1669.19998
1669.60006
1673.6
1669.40002
1673.99994
1669.19998
1672.20002
1675
1675
1677.59994
1676.99996
1671.4
1675
1681.79992
1686.4
1687.59994
1688.00004
1694.19998
1690.80002
1689.40002
1690.20004
1688.00004
1681.00006
1683.80004
1686.19996
1687.79998
1682.20002
1685.20004
1681.00006
1678.39996
1678.39996
1676.00006
1675
1675.80002
1676.19996
1684.19998
1683.6
1685.80002
1696.00006
1693.99994
1694.19998
1693.80004
1688.99994
1693.20008
1693.39996
1692.79998
1697.20002
1698.20008
1694.40002
1699.40002
1697.59994
1703.00004
1700.39994
1697.59994
1696.79992
1695.59998
1697.20002
1704.40002
1700
1702.79998
1697.59994
1700.39994
1701.60004
1702.40006
1702.79998
1704.40002
1697.59994
1697.79998
1693.39996
1690.59998
1681.00006
1684.79996
1680.20004
1679.19998
1681.79992
1683.99994
1689.19998
1686.79992
1691.19996
1693.00004
1696.79992
1696.60004
1698.00004
1701.00006
1698.39996
1691.60004
1696.00006
1694.60006
1697.40006
1697.79998
1697.79998
1697.20002
1700.80002
1696.19996
1697.20002
1693.99994
1695.80002
1700.20004
1702.20002
1698.99994
1695.80002
1698.99994
1701.79992
1700.20004
1701.99996
1700.80002
1705.59998
1703.6
1705.39994
1708.20008
1710.39994
1709.79996
1712.20002
1703.99994
1712.40006
1708.6
1716.00006
1713.80004
1706.4
1704.60006
1701.60004
1702.40006
1701.60004
1699.79996
1698.80004
1695.80002
1694.79996
1696.00006
1701.00006
1700.20004
1694.60006
1694.79996
1693.20008
1690.39994
1692.20002
1693.00004
1690.80002
1688.20008
1689.60006
1691.00006
1692.40006
1692.40006
1696.79992
1695.39994
1695.20004
1691.60004
1693.20008
1688.00004
1689.79996
1686.79992
1684.19998
1683.20008
1686.99996
1691.60004
1689.79996
1686.99996
1688.39996
1689.60006
1690.80002
1691.19996
1689.19998
1688.00004
1680
1679.19998
1681.79992
1686.79992
1683.99994
1685.59998
1682.20002
1683.39996
1687.79998
1687.20002
1688.80004
1690
1685
1681.60004
1682.40006
1681.19996
1683.20008
1685.20004
1683.39996
1681.79992
1680.80002
1680
1687.40006
1685.80002
1685
1682.40006
1675.59998
1672.79998
1673.6
1674.40002
1670.39994
1674.60006
1673.80004
1676.60004
1671.19996
1673.00004
1673.00004
1670.80002
1670
1666.4
1666.19996
1666.79992
1665
1665.39994
1662.40006
1658.20008
1654.79996
1655
1658.80004
1656.19996
1659.19998
1655.80002
1653.80004
1651.00006
1650.80002
1641.00006
1636.4
1643.6
1639.40002
1635.80002
1635.20004
1631.79992
1632.40006
1632.20002
1624.79996
1626.99996
1631.19996
1628.6
1624.79996
1625.39994
1631.60004
1632.20002
1628.39996
1630.20004
1631.00006
1625.39994
1624.79996
1625.20004
1625
1627.59994
1624.19998
1626.19996
1626.99996
1629.19998
1628.80004
1628.00004
1626.60004
1623.99994
1623.6
1626.99996
1626.79992
1625
1632.20002
1631.60004
1635.39994
1632.20002
1628.6
1629.19998
1627.20002
1631.60004
1632.79998
1630.59998
1631.19996
1627.59994
1628.00004
1626.99996
1628.20008
1623.00004
1618.99994
1614.79996
1612.79998
1612.59994
1608.99994
1613.39996
1615
1614.60006
1607.79998
1608.99994
1611.19996
1611.4
1611.00006
1608.80004
1606.00006
1609.79996
1611.00006
1608.99994
1601.19996
1599.19998
1598.99994
1603.00004
1603.80004
1603.99994
1610
1613.39996
1618.39996
1629.40002
1622.79998
1623.00004
1615.39994
1610.80002
1615.20004
1608.80004
1613.6
1611.00006
1611.00006
1610.59998
1608.6
1611.79992
1612.20002
1611.79992
1615
1610.80002
1611.79992
1613.20008
1613.80004
1616.19996
1620.80002
1618.99994
1619.40002
1613.20008
1618.39996
1619.40002
1621.19996
1618.39996
1617.40006
1620.20004
1620.39994
1623.39996
1619.79996
1619.79996
1618.20008
1621.79992
1619.40002
1613.20008
1614.79996
1613.99994
1614.60006
1615.59998
1614.19998
1616.4
1610
1611.19996
1615.59998
1616.79992
1613.39996
	