447.28
447.679992
446.359984
448.600008
448.160004
449.799988
447.239992
447.799988
449.200012
448.559996
448.679992
449.880004
447.359984
447.079988
446.160004
448.600008
447.880004
446.600008
446.839996
449.119996
450.399992
451
449.839996
438.640016
444.760008
435.679992
435.72
440.200012
438.440004
439.079988
438.880004
443.920012
447.160004
444.600008
441.079988
443.600008
446.200012
441.839996
445.320008
443.959992
441.959992
443.679992
443.839996
442.160004
444.559996
438.640016
439.160004
437.600008
437.480012
436.239992
438.799988
440.200012
439.359984
439.200012
441.399992
439.519988
438.200012
436.72
435.28
435.559996
432.320008
429.320008
427.440004
427.160004
436.600008
438.480012
443.920012
445.480012
445.640016
446.799988
450.28
449.640016
451.920012
451.079988
454.480012
455.799988
456.440004
458.200012
455.559996
456.200012
455.119996
453.239992
453.239992
456.399992
458.72
464.399992
466.079988
468.600008
467.399992
470.119996
465.880004
467.799988
467.079988
468.399992
467.480012
466.160004
464.959992
465.679992
466.839996
462.959992
463
461.28
464.799988
468.359984
467.440004
468.920012
467.119996
467.480012
468.959992
467.72
468.880004
466.799988
467.880004
466.040008
467.640016
466.399992
470.040008
474.079988
473.399992
472.640016
469.440004
469.839996
469.799988
470.119996
473.679992
472.559996
472.519988
473.040008
476.160004
478.160004
480.559996
482.320008
484.959992
484.519988
485.239992
488.119996
487.480012
487.119996
487.920012
489
487.200012
493.760008
490.600008
491
489.079988
487.519988
486.160004
486.399992
488.160004
488.519988
486.760008
491.160004
490.559996
490.28
489.119996
482.28
482.920012
482.760008
480.640016
480.079988
483.440004
484.320008
486.119996
485.28
484.079988
484.320008
482.359984
483.880004
483.519988
484.119996
483.959992
481.480012
478.200012
482.359984
481.320008
480.920012
484.880004
483.320008
488.440004
491.480012
491.600008
492.079988
490.440004
491.72
491.72
490.519988
490.880004
493.320008
492.559996
492.399992
493.480012
492.040008
491.079988
493.72
493.440004
484.559996
486
489.480012
492.079988
492.920012
494.359984
496.440004
496.359984
495.559996
495.399992
500
501.640016
501
499.72
500.28
501.160004
500.760008
500.679992
503.160004
502.440004
501.320008
501
505.079988
501.640016
498.760008
498.959992
500.200012
500.559996
496.440004
501.119996
497.119996
497.799988
499
499.559996
494.640016
498.079988
498.440004
498.320008
501.880004
502.679992
504.920012
504.920012
505.239992
508.160004
508.480012
507.799988
507.839996
509.519988
509.160004
508.28
507.440004
507.160004
508.200012
507.72
506.559996
507.640016
508.640016
507.239992
506.679992
499.239992
500.160004
505.28
504.799988
505.72
497.679992
496.839996
497.559996
502.559996
501.040008
500.239992
501.440004
501.640016
501.839996
504.480012
507.920012
509.079988
505.160004
506.559996
506.320008
505.959992
511.399992
513.359984
513.599976
513.440004
514.400024
515.640016
515.880004
516.719972
515.280028
513.47998
512.640016
512.760008
515.559996
516.400024
518.080016
520.799988
521.840028
522.359984
525.119996
524.760008
523.719972
524.96002
525.679992
525.03998
525.440004
525.799988
526.03998
526.719972
526.840028
529.679992
527.440004
528.359984
525.599976
526.280028
530.559996
528.239992
529.320008
529.760008
529.880004
531.280028
532.280028
531.359984
532.239992
530.080016
530.159972
530.440004
529.47998
526.760008
531.559996
530.559996
531.919984
535.599976
535.200012
536.440004
535.880004
541.200012
541.200012
545.359984
544.280028
543.559996
541.239992
540.919984
543.080016
545.919984
547.200012
547.799988
547.880004
545.320008
550.200012
554
551.760008
551.719972
550.280028
550.080016
549.640016
549.840028
551.03998
549
552.880004
556.080016
558.200012
561.47998
562.760008
563.799988
562.919984
567.679992
571
568.47998
573.719972
572.719972
575.679992
580.239992
581.679992
581.119996
581.359984
587.440004
583.599976
577.52002
577.719972
577.47998
565.200012
542.96002
551.840028
549.400024
529.640016
536.919984
544.080016
545.799988
553.440004
560.200012
560.440004
557.080016
554.47998
554.840028
563.440004
569.359984
562.200012
556
549.400024
552.96002
559.200012
561.239992
561.719972
563.840028
573.200012
572.880004
569.320008
566.440004
565.679992
566.640016
559.359984
560.200012
559.719972
543.799988
532.400024
546.440004
536.760008
535.52002
542.880004
530.52002
537.119996
543.159972
546.96002
535.47998
537.280028
546
543.47998
547.880004
546.320008
550.880004
556.679992
557.440004
554.400024
550
549.799988
543.200012
543.799988
548.96002
549.320008
545.320008
546.159972
543
541.52002
548.52002
550.919984
551.119996
556.320008
561.159972
562.280028
562.559996
559.159972
561.880004
562.03998
560.799988
565
562.919984
564.400024
563.47998
562.400024
556.840028
564.03998
560.159972
566
568.640016
569.47998
574.52002
573.679992
575.640016
576.47998
577.679992
575.52002
577.159972
576.599976
575.96002
574.03998
575.359984
571.400024
569.799988
561.799988
563.080016
557.840028
561.320008
561.719972
563.080016
561.640016
566.400024
571.159972
576.359984
577.840028
573.719972
578.440004
578.799988
577.880004
580.52002
581.799988
580.400024
579.359984
580.280028
581.559996
586.52002
585.559996
580.880004
577.080016
580.359984
579.679992
583.119996
585.080016
587.719972
589.640016
589.080016
588.679992
585
582.760008
586.599976
581.96002
586.52002
588.679992
589.799988
592
592.200012
591.03998
594.719972
599
599.359984
602.52002
600.03998
600.280028
599.440004
597.47998
595.679992
594.320008
595.599976
597.599976
597.640016
600.640016
601.119996
597.320008
600.52002
600.599976
605.239992
604.640016
602.440004
