111.82
111.919998
111.589996
112.150002
112.040001
112.449997
111.809998
111.949997
112.300003
112.139999
112.169998
112.470001
111.839996
111.769997
111.540001
112.150002
111.970001
111.650002
111.709999
112.279999
112.599998
112.75
112.459999
109.660004
111.190002
108.919998
108.93
110.050003
109.610001
109.769997
109.720001
110.980003
111.790001
111.150002
110.269997
110.900002
111.550003
110.459999
111.330002
110.989998
110.489998
110.919998
110.959999
110.540001
111.139999
109.660004
109.790001
109.400002
109.370003
109.059998
109.699997
110.050003
109.839996
109.800003
110.349998
109.879997
109.550003
109.18
108.82
108.889999
108.080002
107.330002
106.860001
106.790001
109.150002
109.620003
110.980003
111.370003
111.410004
111.699997
112.57
112.410004
112.980003
112.769997
113.620003
113.949997
114.110001
114.550003
113.889999
114.050003
113.779999
113.309998
113.309998
114.099998
114.68
116.099998
116.519997
117.150002
116.849998
117.529999
116.470001
116.949997
116.769997
117.099998
116.870003
116.540001
116.239998
116.419998
116.709999
115.739998
115.75
115.32
116.199997
117.089996
116.860001
117.230003
116.779999
116.870003
117.239998
116.93
117.220001
116.699997
116.970001
116.510002
116.910004
116.599998
117.510002
118.519997
118.349998
118.160004
117.360001
117.459999
117.449997
117.529999
118.419998
118.139999
118.129997
118.260002
119.040001
119.540001
120.139999
120.580002
121.239998
121.129997
121.309998
122.029999
121.870003
121.779999
121.980003
122.25
121.800003
123.440002
122.650002
122.75
122.269997
121.879997
121.540001
121.599998
122.040001
122.129997
121.690002
122.790001
122.639999
122.57
122.279999
120.57
120.730003
120.690002
120.160004
120.019997
120.860001
121.080002
121.529999
121.32
121.019997
121.080002
120.589996
120.970001
120.879997
121.029999
120.989998
120.370003
119.550003
120.589996
120.330002
120.230003
121.220001
120.830002
122.110001
122.870003
122.900002
123.019997
122.610001
122.93
122.93
122.629997
122.720001
123.330002
123.139999
123.099998
123.370003
123.010002
122.769997
123.43
123.360001
121.139999
121.5
122.370003
123.019997
123.230003
123.589996
124.110001
124.089996
123.889999
123.849998
125
125.410004
125.25
124.93
125.07
125.290001
125.190002
125.169998
125.790001
125.610001
125.330002
125.25
126.269997
125.410004
124.690002
124.739998
125.050003
125.139999
124.110001
125.279999
124.279999
124.449997
124.75
124.889999
123.660004
124.519997
124.610001
124.580002
125.470001
125.669998
126.230003
126.230003
126.309998
127.040001
127.120003
126.949997
126.959999
127.379997
127.290001
127.07
126.860001
126.790001
127.050003
126.93
126.639999
126.910004
127.160004
126.809998
126.669998
124.809998
125.040001
126.32
126.199997
126.43
124.419998
124.209999
124.389999
125.639999
125.260002
125.059998
125.360001
125.410004
125.459999
126.120003
126.980003
127.269997
126.290001
126.639999
126.580002
126.489998
127.849998
128.339996
128.399994
128.360001
128.600006
128.910004
128.970001
129.179993
128.820007
128.369995
128.160004
128.190002
128.889999
129.100006
129.520004
130.199997
130.460007
130.589996
131.279999
131.190002
130.929993
131.240005
131.419998
131.259995
131.360001
131.449997
131.509995
131.679993
131.710007
132.419998
131.860001
132.089996
131.399994
131.570007
132.639999
132.059998
132.330002
132.440002
132.470001
132.820007
133.070007
132.839996
133.059998
132.520004
132.539993
132.610001
132.369995
131.690002
132.889999
132.639999
132.979996
133.899994
133.800003
134.110001
133.970001
135.300003
135.300003
136.339996
136.070007
135.889999
135.309998
135.229996
135.770004
136.479996
136.800003
136.949997
136.970001
136.330002
137.550003
138.5
137.940002
137.929993
137.570007
137.520004
137.410004
137.460007
137.759995
137.25
138.220001
139.020004
139.550003
140.369995
140.690002
140.949997
140.729996
141.919998
142.75
142.119995
143.429993
143.179993
143.919998
145.059998
145.419998
145.279999
145.339996
146.860001
145.899994
144.380005
144.429993
144.369995
141.300003
135.740005
137.960007
137.350006
132.410004
134.229996
136.020004
136.449997
138.360001
140.050003
140.110001
139.270004
138.619995
138.710007
140.860001
142.339996
140.550003
139
137.350006
138.240005
139.800003
140.309998
140.429993
140.960007
143.300003
143.220001
142.330002
141.610001
141.419998
141.660004
139.839996
140.050003
139.929993
135.949997
133.100006
136.610001
134.190002
133.880005
135.720001
132.630005
134.279999
135.789993
136.740005
133.869995
134.320007
136.5
135.869995
136.970001
136.580002
137.720001
139.169998
139.360001
138.600006
137.5
137.449997
135.800003
135.949997
137.240005
137.330002
136.330002
136.539993
135.75
135.380005
137.130005
137.729996
137.779999
139.080002
140.289993
140.570007
140.639999
139.789993
140.470001
140.509995
140.199997
141.25
140.729996
141.100006
140.869995
140.600006
139.210007
141.009995
140.039993
141.5
142.160004
142.369995
143.630005
143.419998
143.910004
144.119995
144.419998
143.880005
144.289993
144.149994
143.990005
143.509995
143.839996
142.850006
142.449997
140.449997
140.770004
139.460007
140.330002
140.429993
140.770004
140.410004
141.600006
142.789993
144.089996
144.460007
143.429993
144.610001
144.699997
144.470001
145.130005
145.449997
145.100006
144.839996
145.070007
145.389999
146.630005
146.389999
145.220001
144.270004
145.089996
144.919998
145.779999
146.270004
146.929993
147.410004
147.270004
147.169998
146.25
145.690002
146.649994
145.490005
146.630005
147.169998
147.449997
148
148.050003
147.759995
148.679993
149.75
149.839996
150.630005
150.009995
150.070007
149.860001
149.369995
148.919998
148.580002
148.899994
149.399994
149.410004
150.160004
150.279999
149.330002
150.130005
150.149994
151.309998
151.160004
150.610001
